1 0.3677
2 0.6153
3 1.2565
4 1.3447
5 5.8767
6 7.4651
7 8.99
8 11.1898
9 10.6436
10 11.8795
11 16.1132
12 14.7164
13 12.0266
14 15.3794
15 23.571
16 20.2516
17 18.5206
18 13.4767
19 24.511
20 21.028
21 26.1815
22 17.0861
23 24.6636
24 40.6257
25 25.1338
26 28.4093
27 27.3974
28 47.8343
29 29.67
30 29.8703
31 36.6195
32 31.3273
33 37.2681
34 40.0854
35 47.2192
36 34.2053
37 53.5464
38 41.7586
39 41.196
40 36.6504
41 47.4011
42 42.038
43 71.9025
44 5.7501
45 8.3022
46 5.1528
47 5.433
48 8.3411
49 8.4685
50 8.4927
51 9.0681
52 5.5758
53 9.3138
54 5.9589
55 5.951
56 5.7884
57 7.2491
58 7.8058
59 7.532
60 7.884
61 8.0998
62 8.0564
63 8.2784
64 8.4083
65 11.6201
66 9.5572
67 8.315
68 8.6262
69 12.7209
70 12.3364
71 9.5342
72 11.2695
73 9.1181
74 13.2058
75 9.3797
76 9.544
77 9.8264
78 12.5913
79 9.9525
80 9.523
81 27.0223
82 10.2221
83 10.4872
84 13.3745
85 13.6634
86 14.1146
87 10.6568
88 10.6471
89 10.6995
90 10.5137
91 10.2938
92 31.0953
93 10.8795
94 37.2013
95 14.5014
96 11.3975
97 43.0664
98 11.521
99 42.172
100 11.5732
101 40.5049
102 12.2532
103 39.8644
104 11.8624
105 34.9655
106 12.987
107 12.8042
108 43.1517
109 33.1666
110 12.1906
111 14.4174
112 11.9495
113 42.1912
114 53.1636
115 12.9635
116 19.4467
117 12.4966
118 41.2118
119 37.0446
120 12.4233
121 45.188
122 38.4862
123 13.6593
124 13.3396
125 37.0244
126 42.5874
127 35.5006
128 42.965
129 43.3258
130 13.5072
131 13.6164
132 56.2385
133 14.6747
134 41.1143
135 59.7989
136 61.5506
137 14.3833
138 56.5098
139 14.2375
140 41.1641
141 43.3553
142 55.3745
143 41.6554
144 59.879
145 59.6612
146 61.6037
147 76.6365
148 39.0968
149 43.3678
150 42.1352
151 39.0852
152 45.7505
153 56.6197
154 15.8071
155 19.3428
156 34.5885
157 16.1065
158 56.8425
159 44.1393
160 41.4773
161 20.4546
162 42.605
163 42.1288
164 49.9208
165 36.6854
166 84.4979
167 19.1036
168 18.9758
169 42.3749
170 57.261
171 20.6841
172 45.0667
173 43.4028
174 43.5741
175 54.6223
176 75.5909
177 42.6123
178 41.6878
179 50.5162
180 21.0386
181 42.4115
182 42.8541
183 22.0517
184 21.8588
185 45.0916
186 21.1936
187 56.0455
188 53.6023
189 76.0836
190 23.2314
191 66.8207
192 55.3021
193 46.628
194 105.7379
195 43.4814
196 78.605
197 103.5823
198 44.5225
199 53.4083
200 75.1165
201 43.8772
202 45.1102
203 23.4153
204 24.3019
205 53.3669
206 50.1114
207 44.4446
208 43.3322
209 22.296
210 53.0441
211 47.1545
212 82.1081
213 78.7483
214 28.2677
215 45.6294
216 41.0607
217 49.5891
218 43.5789
219 46.2996
220 25.73
221 25.5674
222 61.4919
223 55.91
224 26.8062
225 24.2664
226 25.8939
227 25.0208
228 54.5568
229 53.078
230 46.0467
231 47.1724
232 28.2969
233 61.9751
234 77.4165
235 49.1376
236 71.2855
237 45.2504
238 27.154
239 27.3072
240 26.7457
241 55.7637
242 45.6725
243 59.1586
244 60.0199
245 46.2369
246 47.6457
247 41.0107
248 50.0477
249 48.4201
250 57.3024
251 48.7029
252 54.1208
253 51.1655
254 46.3226
255 101.1118
256 89.026
257 47.9414
258 30.2145
259 79.7473
260 46.9062
261 56.4639
262 74.2752
263 30.3884
264 47.4418
265 60.2852
266 57.149
267 46.917
268 98.0864
269 76.5508
270 58.5111
271 74.8428
272 58.8695
273 73.7835
274 56.4059
275 49.3262
276 47.0344
277 46.8523
278 55.5517
279 65.1179
280 30.1604
281 53.3515
282 29.9195
283 54.0747
284 47.8739
285 58.5563
286 61.1093
287 31.5678
288 30.4952
289 30.8222
290 29.3947
291 57.1231
292 54.0388
293 47.2666
294 54.2003
295 29.7025
296 65.6661
297 49.0892
298 29.4397
299 32.6233
300 56.367
301 50.1661
302 29.5408
303 30.7083
304 31.3296
305 65.2437
306 61.9848
307 30.7036
308 54.711
309 72.5646
310 31.0477
311 36.076
312 55.0084
313 30.9827
314 68.5915
315 32.096
316 31.0709
317 29.0459
318 30.3776
319 28.5052
320 29.1852
321 35.8345
322 56.8423
323 31.803
324 39.291
325 32.2229
326 32.7524
327 81.2231
328 54.69
329 51.7241
330 35.9032
331 37.829
332 38.4273
333 39.1106
334 29.6895
335 32.4702
336 34.408
337 34.4672
338 32.5763
339 32.0272
340 91.7386
341 31.0434
342 54.6589
343 33.69
344 29.7371
345 34.9799
346 84.5547
347 30.5792
348 35.9764
349 34.8886
350 35.4752
351 31.0119
352 33.7423
353 31.106
354 34.0384
355 38.1345
356 79.2651
357 86.9216
358 34.6735
359 34.9988
360 38.7124
361 58.2233
362 39.11
363 37.3272
364 34.4563
365 35.0785
366 32.1333
367 36.8522
368 59.9765
369 35.222
370 37.3495
371 34.7516
372 40.701
373 39.471
374 44.421
375 37.8499
376 35.5071
377 36.7602
378 35.2591
379 63.7059
380 61.86
381 38.0782
382 40.7296
383 39.389
384 39.3111
385 36.8856
386 32.7069
387 38.9871
388 37.6081
389 38.7482
390 38.5771
391 39.7774
392 39.4728
393 37.2728
394 65.1907
395 39.6135
396 40.5713
397 84.2608
398 40.9426
399 44.4922
400 47.626
401 36.4651
402 38.6716
403 39.3414
404 65.5663
405 39.6791
406 41.3676
407 40.6005
408 41.9678
409 43.8582
410 39.3687
411 41.2209
412 68.5235
413 42.2482
414 65.9418
415 45.7986
416 44.4143
417 45.0049
418 39.6138
419 39.6966
420 45.341
421 39.5208
422 41.0446
423 41.9361
424 41.75
425 39.1572
426 38.4501
427 39.2534
428 72.8398
429 65.5864
430 42.976
431 42.1566
432 42.0212
433 39.8075
434 40.2889
435 39.9378
436 43.5201
437 73.0018
438 45.6926
439 84.7596
440 89.677
441 40.6557
442 44.8312
443 44.6544
444 44.6642
445 46.2315
446 84.7704
447 40.9492
448 41.9213
449 61.0273
450 42.2251
451 44.0968
452 41.6952
453 47.1925
454 40.9542
455 42.5113
456 40.4676
457 88.7589
458 40.998
459 42.9928
460 47.6135
461 43.0226
462 44.4357
463 108.9763
464 40.6808
465 73.7486
466 44.1147
467 51.6051
468 42.3644
469 46.5842
470 47.8842
471 43.1335
472 40.5469
473 62.0452
474 69.4894
475 66.9385
476 66.7497
477 62.7029
478 45.0469
479 48.3545
480 45.1589
481 42.2584
482 67.8709
483 67.8337
484 77.5537
485 95.9095
486 45.4413
487 62.9972
488 44.189
489 71.9696
490 71.661
491 73.5068
492 71.2479
493 96.5442
494 49.0593
495 50.5551
496 44.0832
497 45.1856
498 69.9538
499 107.7814
500 45.2159
