1 0.4355
2 0.8407
3 1.1735
4 1.3839
5 7.1696
6 6.4836
7 7.8159
8 7.9782
9 10.8154
10 22.7966
11 14.6521
12 30.321
13 15.7886
14 16.6837
15 34.5126
16 14.1941
17 26.234
18 28.1654
19 13.2885
20 33.9246
21 25.2469
22 37.6853
23 45.1197
24 16.5167
25 15.787
26 21.7622
27 26.7831
28 24.7774
29 28.8941
30 29.4028
31 50.2833
32 55.987
33 32.5673
34 41.2358
35 40.8809
36 51.2298
37 31.0954
38 45.3982
39 44.1153
40 42.431
41 30.0781
42 61.9589
43 75.3884
44 8.2275
45 5.1652
46 5.2219
47 5.0987
48 9.3654
49 9.0351
50 5.8359
51 5.5585
52 5.6482
53 9.267
54 5.9108
55 5.9064
56 5.969
57 11.1469
58 7.3029
59 7.5579
60 7.5096
61 8.9357
62 10.3124
63 7.9409
64 12.0822
65 8.1876
66 11.0777
67 8.6588
68 8.6456
69 9.4068
70 8.7156
71 12.6478
72 8.9585
73 12.6918
74 9.7638
75 9.6754
76 9.5039
77 10.1629
78 9.9765
79 10.5247
80 9.9075
81 13.2354
82 9.7142
83 9.3289
84 10.1697
85 13.6894
86 10.427
87 13.6953
88 10.6587
89 10.9984
90 11.2607
91 10.8357
92 14.861
93 10.6095
94 10.503
95 11.1466
96 43.7248
97 11.1561
98 30.1593
99 36.0655
100 11.9365
101 30.8033
102 11.8387
103 31.8459
104 31.3763
105 12.401
106 40.868
107 12.8281
108 11.7633
109 67.577
110 12.1562
111 37.5463
112 11.8633
113 11.962
114 12.5974
115 54.0897
116 12.818
117 34.9327
118 36.1517
119 37.3771
120 42.4552
121 15.3746
122 42.9603
123 38.4438
124 13.6254
125 38.7456
126 13.1257
127 17.456
128 39.7628
129 72.7373
130 13.9639
131 45.6784
132 59.2338
133 59.975
134 32.3546
135 38.4395
136 41.5052
137 14.3103
138 45.1305
139 41.9379
140 17.2766
141 44.5936
142 62.312
143 80.5907
144 45.5417
145 38.6622
146 55.3312
147 40.4434
148 58.0419
149 39.057
150 44.5958
151 41.3467
152 18.0024
153 59.5372
154 57.9949
155 50.6943
156 41.8588
157 16.4979
158 39.7974
159 15.9251
160 66.956
161 45.3243
162 18.5327
163 74.5505
164 45.5136
165 46.979
166 51.9886
167 51.9839
168 54.7505
169 42.0545
170 41.4598
171 46.4392
172 19.5322
173 53.2979
174 45.0331
175 68.2592
176 59.0983
177 19.5932
178 83.9246
179 50.4655
180 42.1603
181 43.3457
182 23.0657
183 43.9936
184 22.2892
185 84.0989
186 44.9468
187 22.3882
188 38.4841
189 49.6262
190 94.3307
191 45.1623
192 21.2559
193 62.3148
194 23.9437
195 43.8176
196 23.1099
197 91.2926
198 53.6047
199 45.0807
200 47.6061
201 45.109
202 78.6647
203 55.1359
204 41.7623
205 46.8122
206 54.4349
207 49.5016
208 44.771
209 55.8476
210 90.0194
211 47.5714
212 46.0188
213 43.8493
214 53.3593
215 59.5017
216 103.7071
217 75.4763
218 72.9424
219 72.6887
220 65.227
221 23.0632
222 55.3007
223 44.7595
224 59.3193
225 28.8514
226 30.1463
227 67.9132
228 27.6146
229 43.0846
230 44.2493
231 29.4845
232 44.5472
233 43.7614
234 55.2036
235 48.9156
236 59.9348
237 54.8028
238 94.0984
239 44.5259
240 101.6313
241 44.9414
242 28.53
243 29.326
244 64.4631
245 56.3049
246 52.7927
247 58.6698
248 98.1555
249 29.0488
250 76.1736
251 30.8878
252 80.5759
253 91.4612
254 53.6393
255 49.954
256 57.9535
257 76.1389
258 75.8963
259 27.207
260 47.254
261 30.2589
262 76.3019
263 54.1241
264 86.5027
265 60.484
266 49.1328
267 57.7805
268 57.8744
269 96.0444
270 80.0656
271 57.9391
272 30.4612
273 30.5726
274 29.0615
275 74.073
276 31.5617
277 83.3367
278 50.9147
279 52.4704
280 49.9227
281 27.2937
282 28.8708
283 57.7667
284 51.9091
285 57.8312
286 30.0349
287 76.6295
288 57.2
289 27.2441
290 29.5624
291 38.1308
292 64.8529
293 32.6098
294 57.8942
295 32.1086
296 32.4627
297 37.9551
298 29.9888
299 37.074
300 31.6948
301 64.1622
302 63.9555
303 35.92
304 91.6098
305 37.8483
306 32.5843
307 76.3809
308 60.459
309 78.1823
310 54.1017
311 31.6281
312 36.0638
313 57.822
314 31.3166
315 58.287
316 39.9348
317 29.3449
318 30.7568
319 34.3247
320 37.7148
321 31.342
322 35.6417
323 35.4587
324 35.6687
325 38.1603
326 34.2088
327 37.491
328 31.6608
329 39.8253
330 31.6291
331 38.7834
332 37.4074
333 41.3678
334 60.7364
335 32.8957
336 35.8397
337 57.6406
338 36.0969
339 35.8662
340 37.7384
341 124.5113
342 31.6994
343 31.0342
344 54.8774
345 31.355
346 79.2102
347 35.2754
348 32.3773
349 31.9385
350 34.7413
351 32.1046
352 60.3621
353 31.3125
354 33.7423
355 36.6514
356 67.8308
357 35.3886
358 34.992
359 32.1148
360 37.2432
361 55.9286
362 58.0456
363 36.0864
364 41.8957
365 37.2127
366 58.4911
367 38.6995
368 39.6722
369 36.8794
370 38.4489
371 38.5185
372 98.4228
373 39.2847
374 33.993
375 37.5748
376 82.1302
377 56.8803
378 37.5531
379 39.4348
380 44.2487
381 40.2513
382 39.7325
383 41.0989
384 38.1289
385 66.0209
386 63.3108
387 39.4074
388 59.088
389 39.2812
390 38.4599
391 38.368
392 37.8571
393 36.1781
394 39.3746
395 37.759
396 63.3499
397 41.3738
398 41.2669
399 43.856
400 38.5071
401 44.3524
402 38.612
403 41.7558
404 35.8762
405 41.4695
406 62.9584
407 39.908
408 60.89
409 39.5102
410 40.6896
411 42.0748
412 45.1645
413 42.3951
414 42.1609
415 40.5318
416 43.341
417 82.818
418 45.6142
419 83.1487
420 98.4072
421 93.8971
422 41.6857
423 56.2203
424 71.0902
425 82.1898
426 57.329
427 44.1814
428 42.3869
429 43.1899
430 39.3276
431 42.7173
432 79.1428
433 42.3102
434 95.0876
435 89.4658
436 48.0297
437 41.0704
438 41.3727
439 43.2883
440 43.2611
441 42.602
442 44.5161
443 99.0038
444 44.4318
445 41.1344
446 47.341
447 103.9831
448 43.2888
449 65.7776
450 48.3525
451 66.3947
452 41.7046
453 37.674
454 65.9934
455 48.6147
456 91.8186
457 74.8259
458 89.6757
459 46.0961
460 72.7469
461 92.0361
462 42.7768
463 43.636
464 45.0216
465 62.6905
466 44.923
467 73.2049
468 94.1348
469 79.2266
470 64.692
471 45.7392
472 90.2571
473 47.4137
474 63.8133
475 100.4954
476 46.775
477 64.8098
478 44.5336
479 44.3708
480 47.0317
481 44.0835
482 68.9765
483 91.455
484 97.903
485 47.6858
486 48.7859
487 80.373
488 43.1852
489 73.1612
490 47.9834
491 46.4003
492 91.5161
493 49.0118
494 94.4491
495 42.0183
496 62.7676
497 51.147
498 73.3435
499 95.5812
500 98.5462
