1 0.4992
2 1.2748
3 1.3051
4 1.4682
5 6.3955
6 7.2917
7 13.7738
8 8.4322
9 11.997
10 10.4805
11 10.3208
12 16.0178
13 21.9239
14 19.5456
15 10.454
16 12.7425
17 19.5785
18 24.9318
19 28.6023
20 29.634
21 26.7221
22 30.2305
23 27.3877
24 14.6744
25 28.4173
26 26.1428
27 27.3234
28 29.6092
29 30.9576
30 27.9069
31 30.9062
32 53.7859
33 31.8746
34 41.7486
35 40.3736
36 43.3989
37 36.4688
38 44.4347
39 34.7436
40 44.9002
41 43.7455
42 40.5972
43 35.0824
44 7.8332
45 5.3763
46 5.3152
47 5.121
48 5.4565
49 5.118
50 5.48
51 6.1443
52 5.547
53 5.8208
54 5.7391
55 6.5988
56 5.9569
57 7.2188
58 7.6638
59 7.3502
60 11.2939
61 11.6747
62 8.3269
63 9.1852
64 8.0164
65 10.8417
66 11.014
67 7.9651
68 8.5119
69 12.0581
70 9.5662
71 12.4033
72 13.0791
73 13.772
74 10.3041
75 12.7444
76 13.1143
77 12.6036
78 9.4554
79 12.7356
80 9.7338
81 13.1229
82 13.2775
83 13.5611
84 9.4994
85 9.6672
86 10.2176
87 9.9652
88 13.0869
89 10.3777
90 13.3653
91 10.7287
92 11.0143
93 11.1735
94 10.9033
95 34.2492
96 11.3665
97 41.6373
98 11.1855
99 15.9419
100 11.2075
101 11.3688
102 11.2399
103 17.4058
104 36.3951
105 11.5649
106 11.4978
107 35.5114
108 37.3621
109 52.2242
110 14.4315
111 11.2974
112 11.947
113 38.3156
114 35.6697
115 12.6701
116 12.2444
117 37.1202
118 37.734
119 14.9346
120 43.843
121 12.8709
122 44.7208
123 38.2395
124 47.1358
125 38.5575
126 13.3744
127 40.5125
128 41.1191
129 12.9578
130 42.0046
131 13.2627
132 37.0628
133 13.2826
134 17.9103
135 44.3449
136 44.0383
137 38.4338
138 45.3067
139 38.2664
140 43.1248
141 14.106
142 60.7961
143 60.401
144 14.9848
145 39.1891
146 37.5337
147 20.8751
148 14.3993
149 14.7525
150 38.6001
151 41.8959
152 42.7986
153 46.1678
154 51.303
155 41.2089
156 53.7992
157 15.0284
158 57.5994
159 59.1773
160 41.3084
161 40.7974
162 40.1941
163 15.5733
164 18.6027
165 57.9533
166 46.5281
167 16.3187
168 41.2937
169 54.9671
170 16.5238
171 52.7141
172 41.9074
173 21.0338
174 43.9543
175 46.7714
176 18.7858
177 50.7736
178 35.4488
179 20.4804
180 38.2288
181 41.5898
182 42.5813
183 20.2749
184 42.0123
185 51.7736
186 41.6247
187 86.9282
188 72.1179
189 21.344
190 42.1457
191 41.4652
192 67.0521
193 21.0228
194 72.6263
195 78.9806
196 41.6496
197 57.8157
198 37.8419
199 108.434
200 49.4413
201 24.6087
202 53.1703
203 55.7128
204 26.1546
205 42.7113
206 24.5141
207 56.9075
208 24.8189
209 73.7232
210 51.9408
211 20.8676
212 43.9401
213 45.863
214 43.4529
215 37.5772
216 56.5008
217 52.8476
218 47.2715
219 25.5856
220 39.2481
221 26.201
222 44.8245
223 56.6503
224 41.4802
225 73.4977
226 28.3191
227 22.4527
228 42.4726
229 44.1837
230 42.9196
231 53.473
232 57.3135
233 72.7507
234 53.9568
235 45.0502
236 25.7754
237 45.7222
238 49.4582
239 54.2552
240 46.8328
241 25.2959
242 122.3586
243 26.7375
244 46.1241
245 50.1833
246 50.1299
247 25.7863
248 30.0531
249 26.8255
250 45.7164
251 87.1851
252 53.0295
253 51.3332
254 73.0845
255 26.7388
256 28.0845
257 27.2494
258 52.1792
259 51.8686
260 24.9215
261 56.8652
262 49.1017
263 26.4505
264 28.6104
265 38.3725
266 78.8101
267 76.0428
268 53.1691
269 56.4172
270 57.0088
271 27.6598
272 55.5816
273 74.7978
274 28.8587
275 51.9841
276 70.7469
277 49.2865
278 51.3897
279 46.0413
280 60.4617
281 31.0216
282 27.4006
283 57.8656
284 52.4659
285 50.7684
286 52.3325
287 49.9042
288 28.7083
289 30.0788
290 52.4718
291 27.7035
292 64.1074
293 83.8185
294 29.6117
295 58.3651
296 53.6392
297 29.1543
298 28.7472
299 53.7422
300 88.2591
301 30.0326
302 27.7287
303 74.4724
304 78.906
305 29.1986
306 29.2853
307 30.6431
308 31.4538
309 34.7013
310 57.405
311 85.9448
312 48.3236
313 31.3662
314 33.5684
315 58.8802
316 53.3832
317 56.5413
318 32.7033
319 54.4541
320 28.8168
321 79.1844
322 30.489
323 28.3559
324 29.8505
325 78.3761
326 33.6021
327 30.8215
328 29.0427
329 31.5738
330 56.753
331 30.3828
332 29.8415
333 64.7636
334 30.5846
335 32.0961
336 32.8072
337 28.9034
338 89.3398
339 35.3516
340 34.6426
341 36.1048
342 30.2763
343 34.4695
344 32.0889
345 63.0642
346 79.9342
347 30.0094
348 31.5204
349 31.7801
350 81.1672
351 30.8853
352 38.6347
353 30.3949
354 34.3096
355 56.5929
356 30.7514
357 31.5327
358 34.9322
359 62.3233
360 31.1743
361 38.009
362 31.0169
363 31.4161
364 54.4609
365 35.7089
366 31.7002
367 32.4716
368 53.1973
369 35.9761
370 30.972
371 32.4823
372 37.9645
373 38.4092
374 37.6668
375 36.3597
376 40.4499
377 36.3988
378 85.4879
379 38.1429
380 101.5246
381 37.1235
382 64.433
383 73.2161
384 70.681
385 42.5797
386 36.4372
387 36.7485
388 34.73
389 35.9674
390 61.7583
391 39.6988
392 57.9246
393 41.82
394 36.9202
395 37.9226
396 36.8193
397 41.4647
398 45.9533
399 46.2399
400 39.4072
401 37.4577
402 66.9076
403 40.5037
404 36.8431
405 41.5905
406 60.7413
407 44.5326
408 44.2915
409 38.6642
410 83.8541
411 37.7015
412 100.1826
413 44.77
414 42.6521
415 40.459
416 40.5361
417 38.2782
418 71.91
419 39.253
420 40.7288
421 88.7067
422 44.138
423 41.3538
424 43.2763
425 34.5177
426 38.25
427 41.5647
428 87.1587
429 43.0536
430 43.1252
431 39.1318
432 86.446
433 40.4199
434 38.6425
435 45.2514
436 44.5085
437 36.3425
438 61.6243
439 41.1569
440 97.1654
441 40.8801
442 39.545
443 38.9292
444 46.3886
445 93.3693
446 106.4251
447 42.0666
448 41.9251
449 39.569
450 39.4867
451 73.8262
452 77.5694
453 45.8323
454 48.8975
455 49.8618
456 63.0281
457 41.2682
458 71.0278
459 37.0525
460 64.5202
461 43.378
462 91.0432
463 72.9355
464 41.9659
465 38.8545
466 61.893
467 44.8062
468 41.2702
469 62.6361
470 45.0052
471 42.6377
472 74.6645
473 88.9779
474 62.4829
475 48.0452
476 65.891
477 71.9451
478 65.9753
479 42.9271
480 40.6301
481 42.5093
482 44.453
483 42.2886
484 46.6908
485 76.6003
486 44.5524
487 72.0145
488 44.4062
489 74.3633
490 49.1071
491 45.9402
492 50.1173
493 68.3739
494 44.8267
495 74.9534
496 91.1494
497 45.1937
498 89.1756
499 70.9161
500 109.4257
